<?xml version="1.0" encoding="UTF-8" standalone="no" ?>
<COLLADA xmlns="http://www.collada.org/2005/11/COLLADASchema" version="1.4.1">
    <asset>
        <contributor>
            <authoring_tool>SketchUp 6.0.1099</authoring_tool>
        </contributor>
        <created>2017-12-16T05:02:32Z</created>
        <modified>2017-12-16T05:02:32Z</modified>
        <unit meter="0.0254" name="inch" />
        <up_axis>Z_UP</up_axis>
    </asset>
    <library_cameras>
        <camera id="ID1" name="skp_camera_Last_Saved_SketchUp_View">
            <optics>
                <technique_common>
                    <perspective>
                        <yfov>30</yfov>
                        <aspect_ratio>0</aspect_ratio>
                        <znear>1</znear>
                        <zfar>1000</zfar>
                    </perspective>
                </technique_common>
            </optics>
        </camera>
    </library_cameras>
    <library_visual_scenes>
        <visual_scene id="ID2">
            <node name="SketchUp">
                <instance_geometry url="#ID398">
                    <bind_material>
                        <technique_common>
                            <instance_material symbol="Material2" target="#ID8">
                                <bind_vertex_input semantic="UVSET0" input_semantic="TEXCOORD" input_set="0" />
                            </instance_material>
                            <instance_material symbol="Material3" target="#ID402">
                                <bind_vertex_input semantic="UVSET0" input_semantic="TEXCOORD" input_set="0" />
                            </instance_material>
                        </technique_common>
                    </bind_material>
                </instance_geometry>
                <instance_geometry url="#ID411">
                    <bind_material>
                        <technique_common>
                            <instance_material symbol="Material2" target="#ID8">
                                <bind_vertex_input semantic="UVSET0" input_semantic="TEXCOORD" input_set="0" />
                            </instance_material>
                        </technique_common>
                    </bind_material>
                </instance_geometry>
                <instance_geometry url="#ID417">
                    <bind_material>
                        <technique_common>
                            <instance_material symbol="Material2" target="#ID418">
                                <bind_vertex_input semantic="UVSET0" input_semantic="TEXCOORD" input_set="0" />
                            </instance_material>
                        </technique_common>
                    </bind_material>
                </instance_geometry>
                <instance_geometry url="#ID430">
                    <bind_material>
                        <technique_common>
                            <instance_material symbol="Material2" target="#ID431">
                                <bind_vertex_input semantic="UVSET0" input_semantic="TEXCOORD" input_set="0" />
                            </instance_material>
                        </technique_common>
                    </bind_material>
                </instance_geometry>
                <instance_geometry url="#ID443">
                    <bind_material>
                        <technique_common>
                            <instance_material symbol="Material2" target="#ID431">
                                <bind_vertex_input semantic="UVSET0" input_semantic="TEXCOORD" input_set="0" />
                            </instance_material>
                        </technique_common>
                    </bind_material>
                </instance_geometry>
                <instance_geometry url="#ID451">
                    <bind_material>
                        <technique_common>
                            <instance_material symbol="Material2" target="#ID431">
                                <bind_vertex_input semantic="UVSET0" input_semantic="TEXCOORD" input_set="0" />
                            </instance_material>
                        </technique_common>
                    </bind_material>
                </instance_geometry>
                <node name="skp_camera_Last_Saved_SketchUp_View">
                    <matrix>0.8231983 0.221773 -0.5226484 -491.4052 -0.567754 0.3215532 -0.7577987 -566.0419 2.775558e-17 0.9205543 0.3906146 383.1402 0 0 0 1</matrix>
                    <instance_camera url="#ID1" />
                </node>
                <node id="ID3" name="instance_0">
                    <matrix>1 0 0 -191.6816 0 1 0 596.0512 0 0 1 0 0 0 0 1</matrix>
                    <instance_node url="#ID4" />
                </node>
                <node id="ID58" name="instance_1">
                    <matrix>1 0 0 288.6159 0 1 0 605.4359 0 0 1 0 0 0 0 1</matrix>
                    <instance_node url="#ID4" />
                </node>
                <node id="ID59" name="instance_2">
                    <matrix>1 0 0 283.5933 0 1 0 -312.7023 0 0 1 -5.684342e-14 0 0 0 1</matrix>
                    <instance_node url="#ID4" />
                </node>
                <node id="ID60" name="instance_3">
                    <matrix>1 0 0 -229.1647 0 1 0 -339.9642 0 0 1 0 0 0 0 1</matrix>
                    <instance_node url="#ID4" />
                </node>
                <node id="ID61" name="instance_4">
                    <matrix>1 0 0 -76.79034 0 1 0 616.4911 0 0 1 5.684342e-14 0 0 0 1</matrix>
                    <instance_node url="#ID62" />
                </node>
                <node id="ID155" name="instance_41">
                    <matrix>1 0 0 90.65316 0 1 0 617.5373 0 0 1 0 0 0 0 1</matrix>
                    <instance_node url="#ID62" />
                </node>
                <node id="ID156" name="instance_42">
                    <matrix>1 0 0 -279.0462 0 1 0 252.9929 0 0 1 -17.23841 0 0 0 1</matrix>
                    <instance_node url="#ID157" />
                </node>
                <node id="ID160" name="instance_45">
                    <matrix>1 0 0 -280.6344 0 1 0 -195.2227 0 0 1 0 0 0 0 1</matrix>
                    <instance_node url="#ID157" />
                </node>
                <node id="ID161" name="instance_46">
                    <matrix>2.58 0 0 40.48855 0 2.58 0 47.65086 0 0 2.58 0 0 0 0 1</matrix>
                    <instance_node url="#ID162" />
                </node>
            </node>
        </visual_scene>
    </library_visual_scenes>
    <library_nodes>
        <node id="ID4" name="ske24">
            <instance_geometry url="#ID30">
                <bind_material>
                    <technique_common>
                        <instance_material symbol="Material2" target="#ID12">
                            <bind_vertex_input semantic="UVSET0" input_semantic="TEXCOORD" input_set="0" />
                        </instance_material>
                    </technique_common>
                </bind_material>
            </instance_geometry>
            <instance_geometry url="#ID36">
                <bind_material>
                    <technique_common>
                        <instance_material symbol="Material2" target="#ID12">
                            <bind_vertex_input semantic="UVSET0" input_semantic="TEXCOORD" input_set="0" />
                        </instance_material>
                    </technique_common>
                </bind_material>
            </instance_geometry>
            <instance_geometry url="#ID42">
                <bind_material>
                    <technique_common>
                        <instance_material symbol="Material2" target="#ID12">
                            <bind_vertex_input semantic="UVSET0" input_semantic="TEXCOORD" input_set="0" />
                        </instance_material>
                    </technique_common>
                </bind_material>
            </instance_geometry>
            <instance_geometry url="#ID48">
                <bind_material>
                    <technique_common>
                        <instance_material symbol="Material2" target="#ID49">
                            <bind_vertex_input semantic="UVSET0" input_semantic="TEXCOORD" input_set="0" />
                        </instance_material>
                    </technique_common>
                </bind_material>
            </instance_geometry>
            <instance_geometry url="#ID54">
                <bind_material>
                    <technique_common>
                        <instance_material symbol="Material2" target="#ID49">
                            <bind_vertex_input semantic="UVSET0" input_semantic="TEXCOORD" input_set="0" />
                        </instance_material>
                    </technique_common>
                </bind_material>
            </instance_geometry>
            <node id="ID5" name="group_0">
                <matrix>0.69 0 0 -6.072 0 0.69 0 -5.258506 0 0 0.69 0 0 0 0 1</matrix>
                <instance_geometry url="#ID6">
                    <bind_material>
                        <technique_common>
                            <instance_material symbol="Material2" target="#ID8">
                                <bind_vertex_input semantic="UVSET0" input_semantic="TEXCOORD" input_set="0" />
                            </instance_material>
                            <instance_material symbol="Material3" target="#ID12">
                                <bind_vertex_input semantic="UVSET0" input_semantic="TEXCOORD" input_set="0" />
                            </instance_material>
                        </technique_common>
                    </bind_material>
                </instance_geometry>
                <instance_geometry url="#ID16">
                    <bind_material>
                        <technique_common>
                            <instance_material symbol="Material2" target="#ID8">
                                <bind_vertex_input semantic="UVSET0" input_semantic="TEXCOORD" input_set="0" />
                            </instance_material>
                            <instance_material symbol="Material3" target="#ID20">
                                <bind_vertex_input semantic="UVSET0" input_semantic="TEXCOORD" input_set="0" />
                            </instance_material>
                        </technique_common>
                    </bind_material>
                </instance_geometry>
                <instance_geometry url="#ID24">
                    <bind_material>
                        <technique_common>
                            <instance_material symbol="Material2" target="#ID20">
                                <bind_vertex_input semantic="UVSET0" input_semantic="TEXCOORD" input_set="0" />
                            </instance_material>
                        </technique_common>
                    </bind_material>
                </instance_geometry>
            </node>
        </node>
        <node id="ID62" name="ske25">
            <node id="ID63" name="instance_5">
                <matrix>1 0 0 11.75 -0 0.9975641 0.06975647 3.688548 0 -0.06975647 0.9975641 17.01341 0 0 0 1</matrix>
                <instance_node url="#ID64" />
            </node>
            <node id="ID73" name="instance_6">
                <matrix>1 0 0 11.75 -0 0.9975641 0.06975647 7.938548 0 -0.06975647 0.9975641 16.75183 0 0 0 1</matrix>
                <instance_node url="#ID64" />
            </node>
            <node id="ID74" name="instance_7">
                <matrix>1 -0 0 11.75 0 0.9975641 -0.06975647 16.54318 0 0.06975647 0.9975641 16.49024 0 0 0 1</matrix>
                <instance_node url="#ID64" />
            </node>
            <node id="ID75" name="instance_8">
                <matrix>1 0 0 11.75 0 1 0 12.24087 0 0 1 16.48841 0 0 0 1</matrix>
                <instance_node url="#ID64" />
            </node>
            <node id="ID76" name="instance_9">
                <matrix>1 -0 0 11.75 0 0.1564345 -0.9876883 22.2745 0 0.9876883 0.1564345 16.07677 0 0 0 1</matrix>
                <instance_node url="#ID77" />
            </node>
            <node id="ID84" name="instance_10">
                <matrix>0 1 5.77779e-33 34.875 -0.1564345 5.706656e-33 -0.9876883 24.64785 -0.9876883 -9.038455e-34 0.1564345 32.65966 0 0 0 1</matrix>
                <instance_node url="#ID85" />
            </node>
            <node id="ID92" name="instance_11">
                <matrix>8.488869e-15 -0.9992068 -0.039821 3.5 0.1840156 0.03914099 -0.9821437 21.5 0.9829233 -0.007327684 0.1838696 -3.531933e-13 0 0 0 1</matrix>
                <instance_node url="#ID93" />
            </node>
            <node id="ID106" name="instance_12">
                <matrix>8.488869e-15 -0.9992068 -0.039821 71.75 0.1840156 0.03914099 -0.9821437 21.5 0.9829233 -0.007327684 0.1838696 -3.496406e-13 0 0 0 1</matrix>
                <instance_node url="#ID93" />
            </node>
            <node id="ID107" name="instance_13">
                <matrix>0 1 5.77779e-33 4.9375 -0.1564345 5.706656e-33 -0.9876883 24.64785 -0.9876883 -9.038455e-34 0.1564345 32.65966 0 0 0 1</matrix>
                <instance_node url="#ID85" />
            </node>
            <node id="ID108" name="instance_14">
                <matrix>0 1 5.77779e-33 31.88125 -0.1564345 5.706656e-33 -0.9876883 24.64785 -0.9876883 -9.038455e-34 0.1564345 32.65966 0 0 0 1</matrix>
                <instance_node url="#ID85" />
            </node>
            <node id="ID109" name="instance_15">
                <matrix>0 1 5.77779e-33 28.8875 -0.1564345 5.706656e-33 -0.9876883 24.64785 -0.9876883 -9.038455e-34 0.1564345 32.65966 0 0 0 1</matrix>
                <instance_node url="#ID85" />
            </node>
            <node id="ID110" name="instance_16">
                <matrix>0 1 5.77779e-33 25.89375 -0.1564345 5.706656e-33 -0.9876883 24.64785 -0.9876883 -9.038455e-34 0.1564345 32.65966 0 0 0 1</matrix>
                <instance_node url="#ID85" />
            </node>
            <node id="ID111" name="instance_17">
                <matrix>0 1 5.77779e-33 22.9 -0.1564345 5.706656e-33 -0.9876883 24.64785 -0.9876883 -9.038455e-34 0.1564345 32.65966 0 0 0 1</matrix>
                <instance_node url="#ID85" />
            </node>
            <node id="ID112" name="instance_18">
                <matrix>0 1 5.77779e-33 19.90625 -0.1564345 5.706656e-33 -0.9876883 24.64785 -0.9876883 -9.038455e-34 0.1564345 32.65966 0 0 0 1</matrix>
                <instance_node url="#ID85" />
            </node>
            <node id="ID113" name="instance_19">
                <matrix>0 1 5.77779e-33 16.9125 -0.1564345 5.706656e-33 -0.9876883 24.64785 -0.9876883 -9.038455e-34 0.1564345 32.65966 0 0 0 1</matrix>
                <instance_node url="#ID85" />
            </node>
            <node id="ID114" name="instance_20">
                <matrix>0 1 5.77779e-33 13.91875 -0.1564345 5.706656e-33 -0.9876883 24.64785 -0.9876883 -9.038455e-34 0.1564345 32.65966 0 0 0 1</matrix>
                <instance_node url="#ID85" />
            </node>
            <node id="ID115" name="instance_21">
                <matrix>0 1 5.77779e-33 10.925 -0.1564345 5.706656e-33 -0.9876883 24.64785 -0.9876883 -9.038455e-34 0.1564345 32.65966 0 0 0 1</matrix>
                <instance_node url="#ID85" />
            </node>
            <node id="ID116" name="instance_22">
                <matrix>0 1 5.77779e-33 7.93125 -0.1564345 5.706656e-33 -0.9876883 24.64785 -0.9876883 -9.038455e-34 0.1564345 32.65966 0 0 0 1</matrix>
                <instance_node url="#ID85" />
            </node>
            <node id="ID117" name="instance_23">
                <matrix>0 1 5.77779e-33 43.85625 -0.1564345 5.706656e-33 -0.9876883 24.64785 -0.9876883 -9.038455e-34 0.1564345 32.65966 0 0 0 1</matrix>
                <instance_node url="#ID85" />
            </node>
            <node id="ID118" name="instance_24">
                <matrix>0 1 5.77779e-33 46.85 -0.1564345 5.706656e-33 -0.9876883 24.64785 -0.9876883 -9.038455e-34 0.1564345 32.65966 0 0 0 1</matrix>
                <instance_node url="#ID85" />
            </node>
            <node id="ID119" name="instance_25">
                <matrix>0 1 5.77779e-33 58.825 -0.1564345 5.706656e-33 -0.9876883 24.64785 -0.9876883 -9.038455e-34 0.1564345 32.65966 0 0 0 1</matrix>
                <instance_node url="#ID85" />
            </node>
            <node id="ID120" name="instance_26">
                <matrix>0 1 5.77779e-33 49.84375 -0.1564345 5.706656e-33 -0.9876883 24.64785 -0.9876883 -9.038455e-34 0.1564345 32.65966 0 0 0 1</matrix>
                <instance_node url="#ID85" />
            </node>
            <node id="ID121" name="instance_27">
                <matrix>0 1 5.77779e-33 37.86875 -0.1564345 5.706656e-33 -0.9876883 24.64785 -0.9876883 -9.038455e-34 0.1564345 32.65966 0 0 0 1</matrix>
                <instance_node url="#ID85" />
            </node>
            <node id="ID122" name="instance_28">
                <matrix>0 1 5.77779e-33 55.83125 -0.1564345 5.706656e-33 -0.9876883 24.64785 -0.9876883 -9.038455e-34 0.1564345 32.65966 0 0 0 1</matrix>
                <instance_node url="#ID85" />
            </node>
            <node id="ID123" name="instance_29">
                <matrix>0 1 5.77779e-33 61.81875 -0.1564345 5.706656e-33 -0.9876883 24.64785 -0.9876883 -9.038455e-34 0.1564345 32.65966 0 0 0 1</matrix>
                <instance_node url="#ID85" />
            </node>
            <node id="ID124" name="instance_30">
                <matrix>0 1 5.77779e-33 40.8625 -0.1564345 5.706656e-33 -0.9876883 24.64785 -0.9876883 -9.038455e-34 0.1564345 32.65966 0 0 0 1</matrix>
                <instance_node url="#ID85" />
            </node>
            <node id="ID125" name="instance_31">
                <matrix>0 1 5.77779e-33 52.8375 -0.1564345 5.706656e-33 -0.9876883 24.64785 -0.9876883 -9.038455e-34 0.1564345 32.65966 0 0 0 1</matrix>
                <instance_node url="#ID85" />
            </node>
            <node id="ID126" name="instance_32">
                <matrix>0 1 5.77779e-33 64.8125 -0.1564345 5.706656e-33 -0.9876883 24.64785 -0.9876883 -9.038455e-34 0.1564345 32.65966 0 0 0 1</matrix>
                <instance_node url="#ID85" />
            </node>
            <node id="ID127" name="instance_33">
                <matrix>1 -0 0 11.75 0 0.1564345 -0.9876883 24.89477 0 0.9876883 0.1564345 32.62055 0 0 0 1</matrix>
                <instance_node url="#ID77" />
            </node>
            <node id="ID128" name="instance_34">
                <matrix>1 -0 0 11.75 0 0.9975641 -0.06975647 -0.4476826 0 0.06975647 0.9975641 16.75183 0 0 0 1</matrix>
                <instance_node url="#ID77" />
            </node>
            <node id="ID129" name="instance_35">
                <matrix>1 0 0 68.25 0 1 0 -4.754951 0 0 1 1.169204e-15 0 0 0 1</matrix>
                <instance_node url="#ID130" />
            </node>
            <node id="ID143" name="instance_36">
                <matrix>1 0 0 -9.947598e-14 0 1 0 -4.754951 0 0 1 -2.38351e-15 0 0 0 1</matrix>
                <instance_node url="#ID130" />
            </node>
            <node id="ID144" name="instance_37">
                <matrix>1 0 0 11.75 0 -1.471046e-15 -1 0.3720738 0 1 -1.471046e-15 12.00426 0 0 0 1</matrix>
                <instance_node url="#ID77" />
            </node>
            <node id="ID145" name="instance_38">
                <matrix>1 0 0 11.75 0 -1.526557e-15 -1 21.1038 0 1 -1.526557e-15 12.00426 0 0 0 1</matrix>
                <instance_node url="#ID77" />
            </node>
            <node id="ID146" name="instance_39">
                <matrix>-4.57967e-16 -8.326673e-17 1 1.5 1 -1.595946e-15 4.57967e-16 -35.8962 1.595946e-15 1 8.326673e-17 12.00426 0 0 0 1</matrix>
                <instance_node url="#ID147" />
            </node>
            <node id="ID154" name="instance_40">
                <matrix>-4.57967e-16 -8.326673e-17 1 69.75 1 -1.595946e-15 4.57967e-16 -35.8962 1.595946e-15 1 8.326673e-17 12.00426 0 0 0 1</matrix>
                <instance_node url="#ID147" />
            </node>
        </node>
        <node id="ID64" name="board">
            <instance_geometry url="#ID65">
                <bind_material>
                    <technique_common>
                        <instance_material symbol="Material2" target="#ID66">
                            <bind_vertex_input semantic="UVSET0" input_semantic="TEXCOORD" input_set="0" />
                        </instance_material>
                    </technique_common>
                </bind_material>
            </instance_geometry>
        </node>
        <node id="ID77" name="board_3">
            <instance_geometry url="#ID78">
                <bind_material>
                    <technique_common>
                        <instance_material symbol="Material2" target="#ID66">
                            <bind_vertex_input semantic="UVSET0" input_semantic="TEXCOORD" input_set="0" />
                        </instance_material>
                    </technique_common>
                </bind_material>
            </instance_geometry>
        </node>
        <node id="ID85" name="board_1">
            <instance_geometry url="#ID86">
                <bind_material>
                    <technique_common>
                        <instance_material symbol="Material2" target="#ID66">
                            <bind_vertex_input semantic="UVSET0" input_semantic="TEXCOORD" input_set="0" />
                        </instance_material>
                    </technique_common>
                </bind_material>
            </instance_geometry>
        </node>
        <node id="ID93" name="board_2">
            <instance_geometry url="#ID94">
                <bind_material>
                    <technique_common>
                        <instance_material symbol="Material2" target="#ID66">
                            <bind_vertex_input semantic="UVSET0" input_semantic="TEXCOORD" input_set="0" />
                        </instance_material>
                    </technique_common>
                </bind_material>
            </instance_geometry>
            <instance_geometry url="#ID100">
                <bind_material>
                    <technique_common>
                        <instance_material symbol="Material2" target="#ID8">
                            <bind_vertex_input semantic="UVSET0" input_semantic="TEXCOORD" input_set="0" />
                        </instance_material>
                    </technique_common>
                </bind_material>
            </instance_geometry>
        </node>
        <node id="ID130" name="arm">
            <instance_geometry url="#ID131">
                <bind_material>
                    <technique_common>
                        <instance_material symbol="Material2" target="#ID66">
                            <bind_vertex_input semantic="UVSET0" input_semantic="TEXCOORD" input_set="0" />
                        </instance_material>
                    </technique_common>
                </bind_material>
            </instance_geometry>
            <instance_geometry url="#ID137">
                <bind_material>
                    <technique_common>
                        <instance_material symbol="Material2" target="#ID8">
                            <bind_vertex_input semantic="UVSET0" input_semantic="TEXCOORD" input_set="0" />
                        </instance_material>
                    </technique_common>
                </bind_material>
            </instance_geometry>
        </node>
        <node id="ID147" name="board_6">
            <instance_geometry url="#ID148">
                <bind_material>
                    <technique_common>
                        <instance_material symbol="Material2" target="#ID66">
                            <bind_vertex_input semantic="UVSET0" input_semantic="TEXCOORD" input_set="0" />
                        </instance_material>
                    </technique_common>
                </bind_material>
            </instance_geometry>
        </node>
        <node id="ID157" name="Component_1">
            <node id="ID158" name="instance_43">
                <matrix>1.526557e-15 -1 0 27.346 1 1.526557e-15 0 2.842171e-13 -0 0 1 3.552714e-13 0 0 0 1</matrix>
                <instance_node url="#ID62" />
            </node>
            <node id="ID159" name="instance_44">
                <matrix>-9.15934e-16 1 0 598.2682 -1 -9.15934e-16 0 73.86837 0 0 1 17.23841 0 0 0 1</matrix>
                <instance_node url="#ID62" />
            </node>
        </node>
        <node id="ID162" name="ske26">
            <node id="ID163" name="instance_47">
                <matrix>0.9659258 0.258819 0 -3.912005 -0.258819 0.9659258 0 -14.59978 0 -0 1 0 0 0 0 1</matrix>
                <instance_node url="#ID164" />
            </node>
            <node id="ID187" name="instance_48">
                <matrix>-1 5.551115e-17 0 9.563363 -5.551115e-17 -1 0 3.111419e-06 0 0 1 22.86321 0 0 0 1</matrix>
                <instance_node url="#ID188" />
            </node>
            <node id="ID392" name="instance_51">
                <matrix>-0.258819 0.9659258 0 -14.59978 -0.9659258 -0.258819 0 3.912007 0 0 1 0 0 0 0 1</matrix>
                <instance_node url="#ID164" />
            </node>
            <node id="ID393" name="instance_52">
                <matrix>-4.537482e-13 -1 0 1.555703e-06 1 -4.537482e-13 0 -9.563362 0 0 1 22.86321 0 0 0 1</matrix>
                <instance_node url="#ID188" />
            </node>
            <node id="ID394" name="instance_53">
                <matrix>-0.9659258 -0.258819 0 3.912005 0.258819 -0.9659258 0 14.59978 0 0 1 0 0 0 0 1</matrix>
                <instance_node url="#ID164" />
            </node>
            <node id="ID395" name="instance_54">
                <matrix>1 0 0 -9.563363 0 1 0 3.232969e-13 0 0 1 22.86321 0 0 0 1</matrix>
                <instance_node url="#ID188" />
            </node>
            <node id="ID396" name="instance_55">
                <matrix>0.258819 -0.9659258 0 14.59978 0.9659258 0.258819 0 -3.912004 -0 0 1 0 0 0 0 1</matrix>
                <instance_node url="#ID164" />
            </node>
            <node id="ID397" name="instance_56">
                <matrix>4.536926e-13 1 0 -1.55571e-06 -1 4.536926e-13 0 9.563365 0 -0 1 22.86321 0 0 0 1</matrix>
                <instance_node url="#ID188" />
            </node>
        </node>
        <node id="ID164" name="Fountain_Base_Quarter">
            <instance_geometry url="#ID165">
                <bind_material>
                    <technique_common>
                        <instance_material symbol="Material2" target="#ID166">
                            <bind_vertex_input semantic="UVSET0" input_semantic="TEXCOORD" input_set="0" />
                        </instance_material>
                    </technique_common>
                </bind_material>
            </instance_geometry>
            <instance_geometry url="#ID173">
                <bind_material>
                    <technique_common>
                        <instance_material symbol="Material2" target="#ID166">
                            <bind_vertex_input semantic="UVSET0" input_semantic="TEXCOORD" input_set="0" />
                        </instance_material>
                    </technique_common>
                </bind_material>
            </instance_geometry>
            <instance_geometry url="#ID179">
                <bind_material>
                    <technique_common>
                        <instance_material symbol="Material2" target="#ID166">
                            <bind_vertex_input semantic="UVSET0" input_semantic="TEXCOORD" input_set="0" />
                        </instance_material>
                        <instance_material symbol="Material3" target="#ID180">
                            <bind_vertex_input semantic="UVSET0" input_semantic="TEXCOORD" input_set="0" />
                        </instance_material>
                    </technique_common>
                </bind_material>
            </instance_geometry>
        </node>
        <node id="ID188" name="Fountain_Water">
            <instance_geometry url="#ID380">
                <bind_material>
                    <technique_common>
                        <instance_material symbol="Material2" target="#ID180">
                            <bind_vertex_input semantic="UVSET0" input_semantic="TEXCOORD" input_set="0" />
                        </instance_material>
                    </technique_common>
                </bind_material>
            </instance_geometry>
            <instance_geometry url="#ID386">
                <bind_material>
                    <technique_common>
                        <instance_material symbol="Material2" target="#ID180">
                            <bind_vertex_input semantic="UVSET0" input_semantic="TEXCOORD" input_set="0" />
                        </instance_material>
                    </technique_common>
                </bind_material>
            </instance_geometry>
            <node id="ID189" name="instance_49">
                <matrix>-1.362995 0.35 0.6062178 6.563864 -0.7869254 -0.6062178 -1.05 12.9249 -4.368313e-17 -1.732051 1 2 0 0 0 1</matrix>
                <instance_node url="#ID190" />
            </node>
            <node id="ID379" name="instance_50">
                <matrix>-1.362995 0.7 -1.536753e-16 5.71068 -0.7869254 -1.212436 6.991186e-17 13.61573 6.661338e-16 2.775558e-16 2.28 1.065814e-14 0 0 0 1</matrix>
                <instance_node url="#ID190" />
            </node>
        </node>
        <node id="ID190" name="Fountain_Spray">
            <instance_geometry url="#ID191">
                <bind_material>
                    <technique_common>
                        <instance_material symbol="Material2" target="#ID192">
                            <bind_vertex_input semantic="UVSET0" input_semantic="TEXCOORD" input_set="0" />
                        </instance_material>
                    </technique_common>
                </bind_material>
            </instance_geometry>
            <instance_geometry url="#ID199">
                <bind_material>
                    <technique_common>
                        <instance_material symbol="Material2" target="#ID192">
                            <bind_vertex_input semantic="UVSET0" input_semantic="TEXCOORD" input_set="0" />
                        </instance_material>
                    </technique_common>
                </bind_material>
            </instance_geometry>
            <instance_geometry url="#ID205">
                <bind_material>
                    <technique_common>
                        <instance_material symbol="Material2" target="#ID192">
                            <bind_vertex_input semantic="UVSET0" input_semantic="TEXCOORD" input_set="0" />
                        </instance_material>
                    </technique_common>
                </bind_material>
            </instance_geometry>
            <instance_geometry url="#ID211">
                <bind_material>
                    <technique_common>
                        <instance_material symbol="Material2" target="#ID192">
                            <bind_vertex_input semantic="UVSET0" input_semantic="TEXCOORD" input_set="0" />
                        </instance_material>
                    </technique_common>
                </bind_material>
            </instance_geometry>
            <instance_geometry url="#ID217">
                <bind_material>
                    <technique_common>
                        <instance_material symbol="Material2" target="#ID192">
                            <bind_vertex_input semantic="UVSET0" input_semantic="TEXCOORD" input_set="0" />
                        </instance_material>
                    </technique_common>
                </bind_material>
            </instance_geometry>
            <instance_geometry url="#ID223">
                <bind_material>
                    <technique_common>
                        <instance_material symbol="Material2" target="#ID192">
                            <bind_vertex_input semantic="UVSET0" input_semantic="TEXCOORD" input_set="0" />
                        </instance_material>
                    </technique_common>
                </bind_material>
            </instance_geometry>
            <instance_geometry url="#ID229">
                <bind_material>
                    <technique_common>
                        <instance_material symbol="Material2" target="#ID192">
                            <bind_vertex_input semantic="UVSET0" input_semantic="TEXCOORD" input_set="0" />
                        </instance_material>
                    </technique_common>
                </bind_material>
            </instance_geometry>
            <instance_geometry url="#ID235">
                <bind_material>
                    <technique_common>
                        <instance_material symbol="Material2" target="#ID192">
                            <bind_vertex_input semantic="UVSET0" input_semantic="TEXCOORD" input_set="0" />
                        </instance_material>
                    </technique_common>
                </bind_material>
            </instance_geometry>
            <instance_geometry url="#ID241">
                <bind_material>
                    <technique_common>
                        <instance_material symbol="Material2" target="#ID192">
                            <bind_vertex_input semantic="UVSET0" input_semantic="TEXCOORD" input_set="0" />
                        </instance_material>
                    </technique_common>
                </bind_material>
            </instance_geometry>
            <instance_geometry url="#ID247">
                <bind_material>
                    <technique_common>
                        <instance_material symbol="Material2" target="#ID192">
                            <bind_vertex_input semantic="UVSET0" input_semantic="TEXCOORD" input_set="0" />
                        </instance_material>
                    </technique_common>
                </bind_material>
            </instance_geometry>
            <instance_geometry url="#ID253">
                <bind_material>
                    <technique_common>
                        <instance_material symbol="Material2" target="#ID192">
                            <bind_vertex_input semantic="UVSET0" input_semantic="TEXCOORD" input_set="0" />
                        </instance_material>
                    </technique_common>
                </bind_material>
            </instance_geometry>
            <instance_geometry url="#ID259">
                <bind_material>
                    <technique_common>
                        <instance_material symbol="Material2" target="#ID192">
                            <bind_vertex_input semantic="UVSET0" input_semantic="TEXCOORD" input_set="0" />
                        </instance_material>
                    </technique_common>
                </bind_material>
            </instance_geometry>
            <instance_geometry url="#ID265">
                <bind_material>
                    <technique_common>
                        <instance_material symbol="Material2" target="#ID192">
                            <bind_vertex_input semantic="UVSET0" input_semantic="TEXCOORD" input_set="0" />
                        </instance_material>
                    </technique_common>
                </bind_material>
            </instance_geometry>
            <instance_geometry url="#ID271">
                <bind_material>
                    <technique_common>
                        <instance_material symbol="Material2" target="#ID192">
                            <bind_vertex_input semantic="UVSET0" input_semantic="TEXCOORD" input_set="0" />
                        </instance_material>
                    </technique_common>
                </bind_material>
            </instance_geometry>
            <instance_geometry url="#ID277">
                <bind_material>
                    <technique_common>
                        <instance_material symbol="Material2" target="#ID192">
                            <bind_vertex_input semantic="UVSET0" input_semantic="TEXCOORD" input_set="0" />
                        </instance_material>
                    </technique_common>
                </bind_material>
            </instance_geometry>
            <instance_geometry url="#ID283">
                <bind_material>
                    <technique_common>
                        <instance_material symbol="Material2" target="#ID192">
                            <bind_vertex_input semantic="UVSET0" input_semantic="TEXCOORD" input_set="0" />
                        </instance_material>
                    </technique_common>
                </bind_material>
            </instance_geometry>
            <instance_geometry url="#ID289">
                <bind_material>
                    <technique_common>
                        <instance_material symbol="Material2" target="#ID192">
                            <bind_vertex_input semantic="UVSET0" input_semantic="TEXCOORD" input_set="0" />
                        </instance_material>
                    </technique_common>
                </bind_material>
            </instance_geometry>
            <instance_geometry url="#ID295">
                <bind_material>
                    <technique_common>
                        <instance_material symbol="Material2" target="#ID192">
                            <bind_vertex_input semantic="UVSET0" input_semantic="TEXCOORD" input_set="0" />
                        </instance_material>
                    </technique_common>
                </bind_material>
            </instance_geometry>
            <instance_geometry url="#ID301">
                <bind_material>
                    <technique_common>
                        <instance_material symbol="Material2" target="#ID192">
                            <bind_vertex_input semantic="UVSET0" input_semantic="TEXCOORD" input_set="0" />
                        </instance_material>
                    </technique_common>
                </bind_material>
            </instance_geometry>
            <instance_geometry url="#ID307">
                <bind_material>
                    <technique_common>
                        <instance_material symbol="Material2" target="#ID192">
                            <bind_vertex_input semantic="UVSET0" input_semantic="TEXCOORD" input_set="0" />
                        </instance_material>
                    </technique_common>
                </bind_material>
            </instance_geometry>
            <instance_geometry url="#ID313">
                <bind_material>
                    <technique_common>
                        <instance_material symbol="Material2" target="#ID192">
                            <bind_vertex_input semantic="UVSET0" input_semantic="TEXCOORD" input_set="0" />
                        </instance_material>
                    </technique_common>
                </bind_material>
            </instance_geometry>
            <instance_geometry url="#ID319">
                <bind_material>
                    <technique_common>
                        <instance_material symbol="Material2" target="#ID192">
                            <bind_vertex_input semantic="UVSET0" input_semantic="TEXCOORD" input_set="0" />
                        </instance_material>
                    </technique_common>
                </bind_material>
            </instance_geometry>
            <instance_geometry url="#ID325">
                <bind_material>
                    <technique_common>
                        <instance_material symbol="Material2" target="#ID192">
